0.166945
0.286533
0.370677
0.439286
0.485427
0.526776
0.562573
0.592593
0.612903
0.620134
0.645517
0.649645
0.637681
0.688889
0.675188
0.691603
0.671318
0.718110
0.665079
0.675806
0.712195
0.685246
0.684298
0.648333
0.707563
0.643697
0.713559
0.670085
0.695726
0.601724
0.753448
0.693913
0.673043
0.682456
0.638596
0.695575
0.635398
0.644248
0.658929
0.558929
0.489286
0.708108
0.727928
0.643243
0.585586
0.587273
0.610909
0.610909
0.592727
0.634862
0.645872
0.587156
0.596330
0.625688
0.565138
0.551471
0.544304
0.572222
0.514815
0.457407
0.438889
0.694444
0.653061
0.636197
0.592793
0.654206
0.633645
0.648598
0.603738
0.558879
0.551402
0.514981
0.476895
0.467153
0.520721
0.483986
0.554717
0.522642
0.490566
0.458491
0.428302
0.400000
0.541509
0.512287
0.577570
0.545287
0.513711
0.482821
0.479428
0.449558
0.420315
0.504762
0.573333
0.546667
0.533333
0.506667
0.480000
0.453333
0.426667
0.401923
0.379048
0.358491
0.338318
0.318519
0.332110
0.347273
0.326126
0.305357
0.286726
0.287719
0.293913
0.274138
0.254701
0.289831
0.384615
0.365385
0.346154
0.326923
0.307692
0.288462
0.269231
0.411538
0.392308
0.698077
0.685437
0.668593
0.652008
0.635674
0.619586
0.603738
0.588126
0.572744
0.557587
0.542650
0.527928
0.513417
0.499112
0.485009
0.471103
0.457391
0.447323
0.464837
0.451448
0.438240
0.425210
0.412354
0.399668
0.411862
0.399345
0.386992
0.374798
0.362761
0.502913
0.491262
0.479612
0.467961
0.456311
0.444660
0.433010
0.421359
0.409709
0.398058
0.386408
0.378641
0.388350
0.376699
0.369863
0.361868
0.353965
0.407692
0.399618
0.391635
0.383743
0.375940
0.368224
0.360595
0.353050
0.345588
0.338208
0.330909
0.323689
0.316547
0.309481
0.302491
0.295575
0.376761
0.369527
0.362369
0.355286
0.348276
0.341338
0.334471
0.327674
0.320946
0.314286
0.307692
0.301165
0.294702
0.288303
0.281967
0.275693
0.269481
0.263328
0.257235
0.251200
0.245223
0.239303
0.233438
0.227630
0.221875
0.217729
0.241486
0.235747
0.230061
0.224427
0.218845
0.213313
0.207831
0.202399
0.197015
0.193165
0.208580
0.203240
0.197947
0.192701
0.187500
0.182344
0.177233
0.175036
0.305882
0.300000
0.294118
0.288235
0.282353
0.276471
0.270588
0.264706
0.258824
0.252941
0.247059
0.241176
0.235294
0.231373
0.388235
0.382353
0.376471
0.370588
0.364706
0.358824
0.356436
0.353057
0.349705
0.346380
0.343080
0.339806
0.336557
0.333333
0.330134
0.326960
0.323810
0.320683
0.317580
0.314501
0.311445
0.308411
0.305400
0.302412
0.299445
0.296501
0.293578
0.290676
0.287796
0.284936
0.282098
0.279279
0.276481
0.273703
0.270945
0.268206
0.265487
0.262787
0.260105
0.257443
0.254799
0.252174
0.249567
0.246978
0.244406
0.241852
0.239316
0.236797
0.234295
0.231810
0.229342
0.226891
0.224456
0.222037
0.219634
0.217247
0.214876
0.212521
0.210181
0.207856
0.205546
0.203252
0.200972
0.198708
0.196457
0.194222
0.192000
0.189793
0.187599
0.185420
0.183254
0.181102
0.178964
0.176839
0.174727
0.172628
0.170543
0.168470
0.166410
0.164363
0.162328
0.160305
0.158295
0.157815
0.157337
0.171946
0.169925
0.167916
0.165919
0.163934
0.161961
0.160000
0.158050
0.156112
0.154185
0.152269
0.197080
0.195051
0.193033
0.191027
0.189033
0.187050
0.185079
0.183119
0.181170
0.179232
0.177305
0.175389
0.173484
0.171589
0.169705
0.167832
0.165969
0.164117
0.162275
0.160443
0.158621
0.156809
0.155007
0.153215
0.151432
0.149660
0.147897
0.146143
0.144399
0.142665
0.140940
0.139224
0.204272
0.202397
0.200531
0.198675
0.196830
0.194993
0.193167
0.191350
0.189542
0.187744
0.185956
0.184176
0.182406
0.180645
0.178893
0.177150
0.175416
0.173691
0.171975
0.170267
0.168568
0.166877
0.165195
0.163522
0.161857
0.160200
0.158552
0.156912
0.155280
0.153656
0.152040
0.150432
0.148831
0.147239
0.145655
0.144078
0.142509
0.140948
0.139394
0.137848
0.136309
0.134777
0.133253
0.131737
0.130227
0.128725
0.127229
0.125741
0.124260
0.122786
0.122497
0.122209
0.141852
0.140351
0.138856
0.137369
0.135889
0.134415
0.132948
0.131488
0.130035
0.128588
0.127148
0.125714
0.124287
0.122867
0.121453
0.120045
0.118644
0.117249
0.116985
0.116723
0.129899
0.128492
0.127090
0.125695
0.124306
0.122924
0.121547
0.120176
0.118812
0.117453
0.116101
0.114754
0.113413
0.113166
0.112921
0.277228
0.275248
0.273267
0.271287
0.269307
0.267327
0.265347
0.263366
0.261386
0.259406
0.257426
0.255446
0.253465
0.251485
0.249505
0.247525
0.245545
0.243564
0.241584
0.239604
0.237624
0.235644
0.233663
0.231683
0.229703
0.227723
0.225743
0.223762
0.221782
0.219802
0.217822
0.215842
0.213861
0.211881
0.209901
0.207921
0.205941
0.203960
0.201980
0.200000
0.200000
0.198000