0.166945
0.276218
0.346356
0.401786
0.420101
0.500546
0.502924
0.508642
0.522465
0.522148
0.519836
0.523272
0.512195
0.496318
0.515556
0.497710
0.537405
0.516432
0.502333
0.517742
0.510501
0.498377
0.527005
0.516556
0.490756
0.473171
0.474295
0.456706
0.484349
0.505085
0.508621
0.465077
0.482587
0.462069
0.430252
0.469244
0.437393
0.463987
0.488536
0.479310
0.458685
0.484794
0.453590
0.442539
0.458824
0.483813
0.463845
0.425606
0.409168
0.423853
0.473874
0.421239
0.417391
0.382906
0.371429
0.391544
0.473779
0.478648
0.457093
0.462069
0.449915
0.481481
0.463822
0.453382
0.443243
0.458259
0.430823
0.424870
0.405451
0.396639
0.446729
0.447566
0.428835
0.416058
0.409009
0.398577
0.409490
0.390625
0.380789
0.366102
0.358459
0.357616
0.390566
0.383743
0.388785
0.371534
0.360146
0.354430
0.347048
0.376991
0.360771
0.369151
0.358491
0.334465
0.321008
0.312812
0.304778
0.296900
0.294023
0.328846
0.321905
0.326415
0.312150
0.301852
0.295413
0.303636
0.290090
0.276786
0.270796
0.264912
0.259130
0.253448
0.432479
0.427119
0.443697
0.431667
0.419835
0.409836
0.426016
0.416129
0.406400
0.396825
0.390551
0.480769
0.469903
0.462428
0.456979
0.451613
0.446328
0.441121
0.447124
0.436464
0.425960
0.421053
0.416216
0.422182
0.412078
0.402116
0.397548
0.393043
0.404145
0.394511
0.385009
0.375635
0.371429
0.367279
0.363184
0.359143
0.355155
0.351220
0.347334
0.343499
0.362041
0.353407
0.344882
0.336463
0.328149
0.321484
0.317972
0.314504
0.311077
0.307692
0.304348
0.301043
0.297778
0.382524
0.379648
0.375486
0.371373
0.367308
0.363289
0.359316
0.355388
0.351504
0.347664
0.345725
0.341959
0.338235
0.358318
0.350909
0.343580
0.336331
0.329159
0.323843
0.320354
0.323944
0.316988
0.310105
0.306759
0.303448
0.300172
0.296928
0.293718
0.290541
0.287395
0.284281
0.289517
0.283113
0.276771
0.272131
0.269168
0.266234
0.263328
0.270096
0.264000
0.257962
0.251981
0.249211
0.246468
0.243750
0.256610
0.250774
0.244992
0.239264
0.233588
0.227964
0.225416
0.222892
0.220390
0.217910
0.215453
0.213018
0.210604
0.208211
0.205839
0.203488
0.201158
0.198847
0.218077
0.212857
0.207681
0.202550
0.197461
0.192416
0.187413
0.182451
0.178918
0.176796
0.174691
0.172603
0.170532
0.168478
0.166441
0.164420
0.162416
0.160428
0.158455
0.229412
0.223529
0.219802
0.216963
0.214145
0.211350
0.208577
0.205825
0.203095
0.200385
0.197697
0.195029
0.192381
0.189753
0.187146
0.184557
0.181989
0.179439
0.176909
0.174397
0.171904
0.169429
0.166972
0.164534
0.162113
0.159710
0.157324
0.154955
0.152603
0.150268
0.147950
0.145648
0.143363
0.141093
0.138840
0.136602
0.134380
0.132174
0.129983
0.127807
0.125645
0.123499
0.121368
0.119250
0.117148
0.115059
0.112985
0.110924
0.108878
0.106845
0.104825
0.102819
0.100826
0.098847
0.096880
0.094926
0.092985
0.091057
0.089141
0.087237
0.085346
0.083467
0.081600
0.079745
0.077901
0.076070
0.074250
0.072441
0.070644
0.068858
0.067083
0.065319
0.063566
0.061824
0.060092
0.058372
0.056662
0.054962
0.053272
0.051593
0.049924
0.048265
0.046617
0.044978
0.043348
0.041729
0.040119
0.038519
0.036928
0.035346
0.033774
0.032211
0.030657
0.029112
0.027576
0.026049
0.024531
0.023022
0.021521
0.020029
0.018545
0.017070
0.015603
0.014144
0.014104
0.033755
0.032258
0.030769
0.029289
0.027816
0.026352
0.024896
0.023448
0.022008
0.020576
0.019152
0.017735
0.016327
0.014925
0.013532
0.013495
0.013459
0.013423
0.020080
0.018692
0.017310
0.015936
0.014570
0.013210
0.013175
0.013141
0.013106
0.013072
0.013038
0.013004
0.012970
0.012937
0.012903
0.012870
0.012837
0.012804
0.012771
0.012739
0.012706
0.012674
0.020228
0.018916
0.017610
0.016311
0.015019
0.013733
0.012453
0.012422
0.012392
0.012361
0.012330
0.012300
0.012270
0.012240
0.020757
0.019488
0.018226
0.016970
0.015719
0.014475
0.013237
0.012005
0.011976
0.011947
0.011919
0.011891
0.011862
0.011834
0.011806
0.023557
0.022327
0.021102
0.019883
0.018670
0.017462
0.016260
0.015064
0.013873
0.012687
0.011507
0.011481
0.011455
0.011429
0.011403
0.011377
0.011351
0.011325
0.011299
0.011274
0.011249
0.011223
0.011198
0.011173
0.011148
0.011123
0.011099
0.011074
0.011050
0.011025
0.011001
0.010977
0.010953
0.010929
0.010905
0.010881
0.027144
0.026002
0.024865
0.023732
0.022605
0.021482
0.020364
0.019251
0.018143
0.017039
0.015940
0.014846
0.013757
0.012672
0.011591
0.010515
0.010493
0.010471
0.010449
0.010428
0.010406
0.010384
0.010363
0.010341
0.010320
0.010299
0.010277
0.010256
0.010235
0.010215
0.010194
0.010173
0.010152
0.010132
0.010111
0.010091
0.010070
0.010050
0.017822
0.015842
0.013861
0.012000
0.010000